-500.000000 -495.700000 -491.400000 
-499.800000 -495.500000 -491.200000 
-499.600000 -495.300000 -491.000000 
-499.400000 -495.100000 -490.800000 
-499.200000 -494.900000 -490.600000 
-499.000000 -494.700000 -490.400000 
-498.800000 -494.500000 -490.200000 
-498.600000 -494.300000 -490.000000 
-498.400000 -494.100000 -489.800000 
-498.200000 -493.900000 -489.600000 
-498.000000 -493.700000 -489.400000 
-497.800000 -493.500000 -489.200000 
-497.600000 -493.300000 -489.000000 
-497.400000 -493.100000 -488.800000 
-497.200000 -492.900000 -488.600000 
-497.000000 -492.700000 -488.400000 
-496.800000 -492.500000 -488.200000 
-496.600000 -492.300000 -488.000000 
-496.400000 -492.100000 -487.800000 
-496.200000 -491.900000 -487.600000 
-496.000000 -491.700000 -487.400000 
-495.800000 -491.500000 -487.200000 
-495.600000 -491.300000 -487.000000 
-495.400000 -491.100000 -486.800000 
-495.200000 -490.900000 -486.600000 
-495.000000 -490.700000 -486.400000 
-494.800000 -490.500000 -486.200000 
-494.600000 -490.300000 -486.000000 
-494.400000 -490.100000 -485.800000 
-494.200000 -489.900000 -485.600000 
-494.000000 -489.700000 -485.400000 
-493.800000 -489.500000 -485.200000 
-493.600000 -489.300000 -485.000000 
-493.400000 -489.100000 -484.800000 
-493.200000 -488.900000 -484.600000 
-493.000000 -488.700000 -484.400000 
-492.800000 -488.500000 -484.200000 
-492.600000 -488.300000 -484.000000 
-492.400000 -488.100000 -483.800000 
-492.200000 -487.900000 -483.600000 
-492.000000 -487.700000 -483.400000 
-491.800000 -487.500000 -483.200000 
-491.600000 -487.300000 -483.000000 
-491.400000 -487.100000 -482.800000 
-491.200000 -486.900000 -482.600000 
-491.000000 -486.700000 -482.400000 
-490.800000 -486.500000 -482.200000 
-490.600000 -486.300000 -482.000000 
-490.400000 -486.100000 -481.800000 
-490.200000 -485.900000 -481.600000 
-490.000000 -485.700000 -481.400000 
-489.800000 -485.500000 -481.200000 
-489.600000 -485.300000 -481.000000 
-489.400000 -485.100000 -480.800000 
-489.200000 -484.900000 -480.600000 
-489.000000 -484.700000 -480.400000 
-488.800000 -484.500000 -480.200000 
-488.600000 -484.300000 -480.000000 
-488.400000 -484.100000 -479.800000 
-488.200000 -483.900000 -479.600000 
-488.000000 -483.700000 -479.400000 
-487.800000 -483.500000 -479.200000 
-487.600000 -483.300000 -479.000000 
-487.400000 -483.100000 -478.800000 
-487.200000 -482.900000 -478.600000 
-487.000000 -482.700000 -478.400000 
-486.800000 -482.500000 -478.200000 
-486.600000 -482.300000 -478.000000 
-486.400000 -482.100000 -477.800000 
-486.200000 -481.900000 -477.600000 
-486.000000 -481.700000 -477.400000 
-485.800000 -481.500000 -477.200000 
-485.600000 -481.300000 -477.000000 
-485.400000 -481.100000 -476.800000 
-485.200000 -480.900000 -476.600000 
-485.000000 -480.700000 -476.400000 
-484.800000 -480.500000 -476.200000 
-484.600000 -480.300000 -476.000000 
-484.400000 -480.100000 -475.800000 
-484.200000 -479.900000 -475.600000 
-484.000000 -479.700000 -475.400000 
-483.800000 -479.500000 -475.200000 
-483.600000 -479.300000 -475.000000 
-483.400000 -479.100000 -474.800000 
-483.200000 -478.900000 -474.600000 
-483.000000 -478.700000 -474.400000 
-482.800000 -478.500000 -474.200000 
-482.600000 -478.300000 -474.000000 
-482.400000 -478.100000 -473.800000 
-482.200000 -477.900000 -473.600000 
-482.000000 -477.700000 -473.400000 
-481.800000 -477.500000 -473.200000 
-481.600000 -477.300000 -473.000000 
-481.400000 -477.100000 -472.800000 
-481.200000 -476.900000 -472.600000 
-481.000000 -476.700000 -472.400000 
-480.800000 -476.500000 -472.200000 
-480.600000 -476.300000 -472.000000 
-480.400000 -476.100000 -471.800000 
-480.200000 -475.900000 -471.600000 
-480.000000 -475.700000 -471.400000 
-479.800000 -475.500000 -471.200000 
-479.600000 -475.300000 -471.000000 
-479.400000 -475.100000 -470.800000 
-479.200000 -474.900000 -470.600000 
-479.000000 -474.700000 -470.400000 
-478.800000 -474.500000 -470.200000 
-478.600000 -474.300000 -470.000000 
-478.400000 -474.100000 -469.800000 
-478.200000 -473.900000 -469.600000 
-478.000000 -473.700000 -469.400000 
-477.800000 -473.500000 -469.200000 
-477.600000 -473.300000 -469.000000 
-477.400000 -473.100000 -468.800000 
-477.200000 -472.900000 -468.600000 
-477.000000 -472.700000 -468.400000 
-476.800000 -472.500000 -468.200000 
-476.600000 -472.300000 -468.000000 
-476.400000 -472.100000 -467.800000 
-476.200000 -471.900000 -467.600000 
-476.000000 -471.700000 -467.400000 
-475.800000 -471.500000 -467.200000 
-475.600000 -471.300000 -467.000000 
-475.400000 -471.100000 -466.800000 
-475.200000 -470.900000 -466.600000 
-475.000000 -470.700000 -466.400000 
-474.800000 -470.500000 -466.200000 
-474.600000 -470.300000 -466.000000 
-474.400000 -470.100000 -465.800000 
-474.200000 -469.900000 -465.600000 
-474.000000 -469.700000 -465.400000 
-473.800000 -469.500000 -465.200000 
-473.600000 -469.300000 -465.000000 
-473.400000 -469.100000 -464.800000 
-473.200000 -468.900000 -464.600000 
-473.000000 -468.700000 -464.400000 
-472.800000 -468.500000 -464.200000 
-472.600000 -468.300000 -464.000000 
-472.400000 -468.100000 -463.800000 
-472.200000 -467.900000 -463.600000 
-472.000000 -467.700000 -463.400000 
-471.800000 -467.500000 -463.200000 
-471.600000 -467.300000 -463.000000 
-471.400000 -467.100000 -462.800000 
-471.200000 -466.900000 -462.600000 
-471.000000 -466.700000 -462.400000 
-470.800000 -466.500000 -462.200000 
-470.600000 -466.300000 -462.000000 
-470.400000 -466.100000 -461.800000 
-470.200000 -465.900000 -461.600000 
-470.000000 -465.700000 -461.400000 
-469.800000 -465.500000 -461.200000 
-469.600000 -465.300000 -461.000000 
-469.400000 -465.100000 -460.800000 
-469.200000 -464.900000 -460.600000 
-469.000000 -464.700000 -460.400000 
-468.800000 -464.500000 -460.200000 
-468.600000 -464.300000 -460.000000 
-468.400000 -464.100000 -459.800000 
-468.200000 -463.900000 -459.600000 
-468.000000 -463.700000 -459.400000 
-467.800000 -463.500000 -459.200000 
-467.600000 -463.300000 -459.000000 
-467.400000 -463.100000 -458.800000 
-467.200000 -462.900000 -458.600000 
-467.000000 -462.700000 -458.400000 
-466.800000 -462.500000 -458.200000 
-466.600000 -462.300000 -458.000000 
-466.400000 -462.100000 -457.800000 
-466.200000 -461.900000 -457.600000 
-466.000000 -461.700000 -457.400000 
-465.800000 -461.500000 -457.200000 
-465.600000 -461.300000 -457.000000 
-465.400000 -461.100000 -456.800000 
-465.200000 -460.900000 -456.600000 
-465.000000 -460.700000 -456.400000 
-464.800000 -460.500000 -456.200000 
-464.600000 -460.300000 -456.000000 
-464.400000 -460.100000 -455.800000 
-464.200000 -459.900000 -455.600000 
-464.000000 -459.700000 -455.400000 
-463.800000 -459.500000 -455.200000 
-463.600000 -459.300000 -455.000000 
-463.400000 -459.100000 -454.800000 
-463.200000 -458.900000 -454.600000 
-463.000000 -458.700000 -454.400000 
-462.800000 -458.500000 -454.200000 
-462.600000 -458.300000 -454.000000 
-462.400000 -458.100000 -453.800000 
-462.200000 -457.900000 -453.600000 
-462.000000 -457.700000 -453.400000 
-461.800000 -457.500000 -453.200000 
-461.600000 -457.300000 -453.000000 
-461.400000 -457.100000 -452.800000 
-461.200000 -456.900000 -452.600000 
-461.000000 -456.700000 -452.400000 
-460.800000 -456.500000 -452.200000 
-460.600000 -456.300000 -452.000000 
-460.400000 -456.100000 -451.800000 
-460.200000 -455.900000 -451.600000 
-460.000000 -455.700000 -451.400000 
-459.800000 -455.500000 -451.200000 
-459.600000 -455.300000 -451.000000 
-459.400000 -455.100000 -450.800000 
-459.200000 -454.900000 -450.600000 
-459.000000 -454.700000 -450.400000 
-458.800000 -454.500000 -450.200000 
-458.600000 -454.300000 -450.000000 
-458.400000 -454.100000 -449.800000 
-458.200000 -453.900000 -449.600000 
-458.000000 -453.700000 -449.400000 
-457.800000 -453.500000 -449.200000 
-457.600000 -453.300000 -449.000000 
-457.400000 -453.100000 -448.800000 
-457.200000 -452.900000 -448.600000 
-457.000000 -452.700000 -448.400000 
-456.800000 -452.500000 -448.200000 
-456.600000 -452.300000 -448.000000 
-456.400000 -452.100000 -447.800000 
-456.200000 -451.900000 -447.600000 
-456.000000 -451.700000 -447.400000 
-455.800000 -451.500000 -447.200000 
-455.600000 -451.300000 -447.000000 
-455.400000 -451.100000 -446.800000 
-455.200000 -450.900000 -446.600000 
-455.000000 -450.700000 -446.400000 
-454.800000 -450.500000 -446.200000 
-454.600000 -450.300000 -446.000000 
-454.400000 -450.100000 -445.800000 
-454.200000 -449.900000 -445.600000 
-454.000000 -449.700000 -445.400000 
-453.800000 -449.500000 -445.200000 
-453.600000 -449.300000 -445.000000 
-453.400000 -449.100000 -444.800000 
-453.200000 -448.900000 -444.600000 
-453.000000 -448.700000 -444.400000 
-452.800000 -448.500000 -444.200000 
-452.600000 -448.300000 -444.000000 
-452.400000 -448.100000 -443.800000 
-452.200000 -447.900000 -443.600000 
-452.000000 -447.700000 -443.400000 
-451.800000 -447.500000 -443.200000 
-451.600000 -447.300000 -443.000000 
-451.400000 -447.100000 -442.800000 
-451.200000 -446.900000 -442.600000 
-451.000000 -446.700000 -442.400000 
-450.800000 -446.500000 -442.200000 
-450.600000 -446.300000 -442.000000 
-450.400000 -446.100000 -441.800000 
-450.200000 -445.900000 -441.600000 
-450.000000 -445.700000 -441.400000 
-449.800000 -445.500000 -441.200000 
-449.600000 -445.300000 -441.000000 
-449.400000 -445.100000 -440.800000 
-449.200000 -444.900000 -440.600000 
-449.000000 -444.700000 -440.400000 
-448.800000 -444.500000 -440.200000 
-448.600000 -444.300000 -440.000000 
-448.400000 -444.100000 -439.800000 
-448.200000 -443.900000 -439.600000 
-448.000000 -443.700000 -439.400000 
-447.800000 -443.500000 -439.200000 
-447.600000 -443.300000 -439.000000 
-447.400000 -443.100000 -438.800000 
-447.200000 -442.900000 -438.600000 
-447.000000 -442.700000 -438.400000 
-446.800000 -442.500000 -438.200000 
-446.600000 -442.300000 -438.000000 
-446.400000 -442.100000 -437.800000 
-446.200000 -441.900000 -437.600000 
-446.000000 -441.700000 -437.400000 
-445.800000 -441.500000 -437.200000 
-445.600000 -441.300000 -437.000000 
-445.400000 -441.100000 -436.800000 
-445.200000 -440.900000 -436.600000 
-445.000000 -440.700000 -436.400000 
-444.800000 -440.500000 -436.200000 
-444.600000 -440.300000 -436.000000 
-444.400000 -440.100000 -435.800000 
-444.200000 -439.900000 -435.600000 
-444.000000 -439.700000 -435.400000 
-443.800000 -439.500000 -435.200000 
-443.600000 -439.300000 -435.000000 
-443.400000 -439.100000 -434.800000 
-443.200000 -438.900000 -434.600000 
-443.000000 -438.700000 -434.400000 
-442.800000 -438.500000 -434.200000 
-442.600000 -438.300000 -434.000000 
-442.400000 -438.100000 -433.800000 
-442.200000 -437.900000 -433.600000 
-442.000000 -437.700000 -433.400000 
-441.800000 -437.500000 -433.200000 
-441.600000 -437.300000 -433.000000 
-441.400000 -437.100000 -432.800000 
-441.200000 -436.900000 -432.600000 
-441.000000 -436.700000 -432.400000 
-440.800000 -436.500000 -432.200000 
-440.600000 -436.300000 -432.000000 
-440.400000 -436.100000 -431.800000 
-440.200000 -435.900000 -431.600000 
-440.000000 -435.700000 -431.400000 
-439.800000 -435.500000 -431.200000 
-439.600000 -435.300000 -431.000000 
-439.400000 -435.100000 -430.800000 
-439.200000 -434.900000 -430.600000 
-439.000000 -434.700000 -430.400000 
-438.800000 -434.500000 -430.200000 
-438.600000 -434.300000 -430.000000 
-438.400000 -434.100000 -429.800000 
-438.200000 -433.900000 -429.600000 
-438.000000 -433.700000 -429.400000 
-437.800000 -433.500000 -429.200000 
-437.600000 -433.300000 -429.000000 
-437.400000 -433.100000 -428.800000 
-437.200000 -432.900000 -428.600000 
-437.000000 -432.700000 -428.400000 
-436.800000 -432.500000 -428.200000 
-436.600000 -432.300000 -428.000000 
-436.400000 -432.100000 -427.800000 
-436.200000 -431.900000 -427.600000 
-436.000000 -431.700000 -427.400000 
-435.800000 -431.500000 -427.200000 
-435.600000 -431.300000 -427.000000 
-435.400000 -431.100000 -426.800000 
-435.200000 -430.900000 -426.600000 
-435.000000 -430.700000 -426.400000 
-434.800000 -430.500000 -426.200000 
-434.600000 -430.300000 -426.000000 
-434.400000 -430.100000 -425.800000 
-434.200000 -429.900000 -425.600000 
-434.000000 -429.700000 -425.400000 
-433.800000 -429.500000 -425.200000 
-433.600000 -429.300000 -425.000000 
-433.400000 -429.100000 -424.800000 
-433.200000 -428.900000 -424.600000 
-433.000000 -428.700000 -424.400000 
-432.800000 -428.500000 -424.200000 
-432.600000 -428.300000 -424.000000 
-432.400000 -428.100000 -423.800000 
-432.200000 -427.900000 -423.600000 
-432.000000 -427.700000 -423.400000 
-431.800000 -427.500000 -423.200000 
-431.600000 -427.300000 -423.000000 
-431.400000 -427.100000 -422.800000 
-431.200000 -426.900000 -422.600000 
-431.000000 -426.700000 -422.400000 
-430.800000 -426.500000 -422.200000 
-430.600000 -426.300000 -422.000000 
-430.400000 -426.100000 -421.800000 
-430.200000 -425.900000 -421.600000 
-430.000000 -425.700000 -421.400000 
-429.800000 -425.500000 -421.200000 
-429.600000 -425.300000 -421.000000 
-429.400000 -425.100000 -420.800000 
-429.200000 -424.900000 -420.600000 
-429.000000 -424.700000 -420.400000 
-428.800000 -424.500000 -420.200000 
-428.600000 -424.300000 -420.000000 
-428.400000 -424.100000 -419.800000 
-428.200000 -423.900000 -419.600000 
-428.000000 -423.700000 -419.400000 
-427.800000 -423.500000 -419.200000 
-427.600000 -423.300000 -419.000000 
-427.400000 -423.100000 -418.800000 
-427.200000 -422.900000 -418.600000 
-427.000000 -422.700000 -418.400000 
-426.800000 -422.500000 -418.200000 
-426.600000 -422.300000 -418.000000 
-426.400000 -422.100000 -417.800000 
-426.200000 -421.900000 -417.600000 
-426.000000 -421.700000 -417.400000 
-425.800000 -421.500000 -417.200000 
-425.600000 -421.300000 -417.000000 
-425.400000 -421.100000 -416.800000 
-425.200000 -420.900000 -416.600000 
-425.000000 -420.700000 -416.400000 
-424.800000 -420.500000 -416.200000 
-424.600000 -420.300000 -416.000000 
-424.400000 -420.100000 -415.800000 
-424.200000 -419.900000 -415.600000 
-424.000000 -419.700000 -415.400000 
-423.800000 -419.500000 -415.200000 
-423.600000 -419.300000 -415.000000 
-423.400000 -419.100000 -414.800000 
-423.200000 -418.900000 -414.600000 
-423.000000 -418.700000 -414.400000 
-422.800000 -418.500000 -414.200000 
-422.600000 -418.300000 -414.000000 
-422.400000 -418.100000 -413.800000 
-422.200000 -417.900000 -413.600000 
-422.000000 -417.700000 -413.400000 
-421.800000 -417.500000 -413.200000 
-421.600000 -417.300000 -413.000000 
-421.400000 -417.100000 -412.800000 
-421.200000 -416.900000 -412.600000 
-421.000000 -416.700000 -412.400000 
-420.800000 -416.500000 -412.200000 
-420.600000 -416.300000 -412.000000 
-420.400000 -416.100000 -411.800000 
-420.200000 -415.900000 -411.600000 
-420.000000 -415.700000 -411.400000 
-419.800000 -415.500000 -411.200000 
-419.600000 -415.300000 -411.000000 
-419.400000 -415.100000 -410.800000 
-419.200000 -414.900000 -410.600000 
-419.000000 -414.700000 -410.400000 
-418.800000 -414.500000 -410.200000 
-418.600000 -414.300000 -410.000000 
-418.400000 -414.100000 -409.800000 
-418.200000 -413.900000 -409.600000 
-418.000000 -413.700000 -409.400000 
-417.800000 -413.500000 -409.200000 
-417.600000 -413.300000 -409.000000 
-417.400000 -413.100000 -408.800000 
-417.200000 -412.900000 -408.600000 
-417.000000 -412.700000 -408.400000 
-416.800000 -412.500000 -408.200000 
-416.600000 -412.300000 -408.000000 
-416.400000 -412.100000 -407.800000 
-416.200000 -411.900000 -407.600000 
-416.000000 -411.700000 -407.400000 
-415.800000 -411.500000 -407.200000 
-415.600000 -411.300000 -407.000000 
-415.400000 -411.100000 -406.800000 
-415.200000 -410.900000 -406.600000 
-415.000000 -410.700000 -406.400000 
-414.800000 -410.500000 -406.200000 
-414.600000 -410.300000 -406.000000 
-414.400000 -410.100000 -405.800000 
-414.200000 -409.900000 -405.600000 
-414.000000 -409.700000 -405.400000 
-413.800000 -409.500000 -405.200000 
-413.600000 -409.300000 -405.000000 
-413.400000 -409.100000 -404.800000 
-413.200000 -408.900000 -404.600000 
-413.000000 -408.700000 -404.400000 
-412.800000 -408.500000 -404.200000 
-412.600000 -408.300000 -404.000000 
-412.400000 -408.100000 -403.800000 
-412.200000 -407.900000 -403.600000 
-412.000000 -407.700000 -403.400000 
-411.800000 -407.500000 -403.200000 
-411.600000 -407.300000 -403.000000 
-411.400000 -407.100000 -402.800000 
-411.200000 -406.900000 -402.600000 
-411.000000 -406.700000 -402.400000 
-410.800000 -406.500000 -402.200000 
-410.600000 -406.300000 -402.000000 
-410.400000 -406.100000 -401.800000 
-410.200000 -405.900000 -401.600000 
-410.000000 -405.700000 -401.400000 
-409.800000 -405.500000 -401.200000 
-409.600000 -405.300000 -401.000000 
-409.400000 -405.100000 -400.800000 
-409.200000 -404.900000 -400.600000 
-409.000000 -404.700000 -400.400000 
-408.800000 -404.500000 -400.200000 
-408.600000 -404.300000 -400.000000 
-408.400000 -404.100000 -399.800000 
-408.200000 -403.900000 -399.600000 
-408.000000 -403.700000 -399.400000 
-407.800000 -403.500000 -399.200000 
-407.600000 -403.300000 -399.000000 
-407.400000 -403.100000 -398.800000 
-407.200000 -402.900000 -398.600000 
-407.000000 -402.700000 -398.400000 
-406.800000 -402.500000 -398.200000 
-406.600000 -402.300000 -398.000000 
-406.400000 -402.100000 -397.800000 
-406.200000 -401.900000 -397.600000 
-406.000000 -401.700000 -397.400000 
-405.800000 -401.500000 -397.200000 
-405.600000 -401.300000 -397.000000 
-405.400000 -401.100000 -396.800000 
-405.200000 -400.900000 -396.600000 
-405.000000 -400.700000 -396.400000 
-404.800000 -400.500000 -396.200000 
-404.600000 -400.300000 -396.000000 
-404.400000 -400.100000 -395.800000 
-404.200000 -399.900000 -395.600000 
-404.000000 -399.700000 -395.400000 
-403.800000 -399.500000 -395.200000 
-403.600000 -399.300000 -395.000000 
-403.400000 -399.100000 -394.800000 
-403.200000 -398.900000 -394.600000 
-403.000000 -398.700000 -394.400000 
-402.800000 -398.500000 -394.200000 
-402.600000 -398.300000 -394.000000 
-402.400000 -398.100000 -393.800000 
-402.200000 -397.900000 -393.600000 
-402.000000 -397.700000 -393.400000 
-401.800000 -397.500000 -393.200000 
-401.600000 -397.300000 -393.000000 
-401.400000 -397.100000 -392.800000 
-401.200000 -396.900000 -392.600000 
-401.000000 -396.700000 -392.400000 
-400.800000 -396.500000 -392.200000 
-400.600000 -396.300000 -392.000000 
-400.400000 -396.100000 -391.800000 
-400.200000 -395.900000 -391.600000 
-400.000000 -395.700000 -391.400000 
-399.800000 -395.500000 -391.200000 
-399.600000 -395.300000 -391.000000 
-399.400000 -395.100000 -390.800000 
-399.200000 -394.900000 -390.600000 
-399.000000 -394.700000 -390.400000 
-398.800000 -394.500000 -390.200000 
-398.600000 -394.300000 -390.000000 
-398.400000 -394.100000 -389.800000 
-398.200000 -393.900000 -389.600000 
-398.000000 -393.700000 -389.400000 
-397.800000 -393.500000 -389.200000 
-397.600000 -393.300000 -389.000000 
-397.400000 -393.100000 -388.800000 
-397.200000 -392.900000 -388.600000 
-397.000000 -392.700000 -388.400000 
-396.800000 -392.500000 -388.200000 
-396.600000 -392.300000 -388.000000 
-396.400000 -392.100000 -387.800000 
-396.200000 -391.900000 -387.600000 
-396.000000 -391.700000 -387.400000 
-395.800000 -391.500000 -387.200000 
-395.600000 -391.300000 -387.000000 
-395.400000 -391.100000 -386.800000 
-395.200000 -390.900000 -386.600000 
-395.000000 -390.700000 -386.400000 
-394.800000 -390.500000 -386.200000 
-394.600000 -390.300000 -386.000000 
-394.400000 -390.100000 -385.800000 
-394.200000 -389.900000 -385.600000 
-394.000000 -389.700000 -385.400000 
-393.800000 -389.500000 -385.200000 
-393.600000 -389.300000 -385.000000 
-393.400000 -389.100000 -384.800000 
-393.200000 -388.900000 -384.600000 
-393.000000 -388.700000 -384.400000 
-392.800000 -388.500000 -384.200000 
-392.600000 -388.300000 -384.000000 
-392.400000 -388.100000 -383.800000 
-392.200000 -387.900000 -383.600000 
-392.000000 -387.700000 -383.400000 
-391.800000 -387.500000 -383.200000 
-391.600000 -387.300000 -383.000000 
-391.400000 -387.100000 -382.800000 
-391.200000 -386.900000 -382.600000 
-391.000000 -386.700000 -382.400000 
-390.800000 -386.500000 -382.200000 
-390.600000 -386.300000 -382.000000 
-390.400000 -386.100000 -381.800000 
-390.200000 -385.900000 -381.600000 
-390.000000 -385.700000 -381.400000 
-389.800000 -385.500000 -381.200000 
-389.600000 -385.300000 -381.000000 
-389.400000 -385.100000 -380.800000 
-389.200000 -384.900000 -380.600000 
-389.000000 -384.700000 -380.400000 
-388.800000 -384.500000 -380.200000 
-388.600000 -384.300000 -380.000000 
-388.400000 -384.100000 -379.800000 
-388.200000 -383.900000 -379.600000 
-388.000000 -383.700000 -379.400000 
-387.800000 -383.500000 -379.200000 
-387.600000 -383.300000 -379.000000 
-387.400000 -383.100000 -378.800000 
-387.200000 -382.900000 -378.600000 
-387.000000 -382.700000 -378.400000 
-386.800000 -382.500000 -378.200000 
-386.600000 -382.300000 -378.000000 
-386.400000 -382.100000 -377.800000 
-386.200000 -381.900000 -377.600000 
-386.000000 -381.700000 -377.400000 
-385.800000 -381.500000 -377.200000 
-385.600000 -381.300000 -377.000000 
-385.400000 -381.100000 -376.800000 
-385.200000 -380.900000 -376.600000 
-385.000000 -380.700000 -376.400000 
-384.800000 -380.500000 -376.200000 
-384.600000 -380.300000 -376.000000 
-384.400000 -380.100000 -375.800000 
-384.200000 -379.900000 -375.600000 
-384.000000 -379.700000 -375.400000 
-383.800000 -379.500000 -375.200000 
-383.600000 -379.300000 -375.000000 
-383.400000 -379.100000 -374.800000 
-383.200000 -378.900000 -374.600000 
-383.000000 -378.700000 -374.400000 
-382.800000 -378.500000 -374.200000 
-382.600000 -378.300000 -374.000000 
-382.400000 -378.100000 -373.800000 
-382.200000 -377.900000 -373.600000 
-382.000000 -377.700000 -373.400000 
-381.800000 -377.500000 -373.200000 
-381.600000 -377.300000 -373.000000 
-381.400000 -377.100000 -372.800000 
-381.200000 -376.900000 -372.600000 
-381.000000 -376.700000 -372.400000 
-380.800000 -376.500000 -372.200000 
-380.600000 -376.300000 -372.000000 
-380.400000 -376.100000 -371.800000 
-380.200000 -375.900000 -371.600000 
-380.000000 -375.700000 -371.400000 
-379.800000 -375.500000 -371.200000 
-379.600000 -375.300000 -371.000000 
-379.400000 -375.100000 -370.800000 
-379.200000 -374.900000 -370.600000 
-379.000000 -374.700000 -370.400000 
-378.800000 -374.500000 -370.200000 
-378.600000 -374.300000 -370.000000 
-378.400000 -374.100000 -369.800000 
-378.200000 -373.900000 -369.600000 
-378.000000 -373.700000 -369.400000 
-377.800000 -373.500000 -369.200000 
-377.600000 -373.300000 -369.000000 
-377.400000 -373.100000 -368.800000 
-377.200000 -372.900000 -368.600000 
-377.000000 -372.700000 -368.400000 
-376.800000 -372.500000 -368.200000 
-376.600000 -372.300000 -368.000000 
-376.400000 -372.100000 -367.800000 
-376.200000 -371.900000 -367.600000 
-376.000000 -371.700000 -367.400000 
-375.800000 -371.500000 -367.200000 
-375.600000 -371.300000 -367.000000 
-375.400000 -371.100000 -366.800000 
-375.200000 -370.900000 -366.600000 
-375.000000 -370.700000 -366.400000 
-374.800000 -370.500000 -366.200000 
-374.600000 -370.300000 -366.000000 
-374.400000 -370.100000 -365.800000 
-374.200000 -369.900000 -365.600000 
-374.000000 -369.700000 -365.400000 
-373.800000 -369.500000 -365.200000 
-373.600000 -369.300000 -365.000000 
-373.400000 -369.100000 -364.800000 
-373.200000 -368.900000 -364.600000 
-373.000000 -368.700000 -364.400000 
-372.800000 -368.500000 -364.200000 
-372.600000 -368.300000 -364.000000 
-372.400000 -368.100000 -363.800000 
-372.200000 -367.900000 -363.600000 
-372.000000 -367.700000 -363.400000 
-371.800000 -367.500000 -363.200000 
-371.600000 -367.300000 -363.000000 
-371.400000 -367.100000 -362.800000 
-371.200000 -366.900000 -362.600000 
-371.000000 -366.700000 -362.400000 
-370.800000 -366.500000 -362.200000 
-370.600000 -366.300000 -362.000000 
-370.400000 -366.100000 -361.800000 
-370.200000 -365.900000 -361.600000 
-370.000000 -365.700000 -361.400000 
-369.800000 -365.500000 -361.200000 
-369.600000 -365.300000 -361.000000 
-369.400000 -365.100000 -360.800000 
-369.200000 -364.900000 -360.600000 
-369.000000 -364.700000 -360.400000 
-368.800000 -364.500000 -360.200000 
-368.600000 -364.300000 -360.000000 
-368.400000 -364.100000 -359.800000 
-368.200000 -363.900000 -359.600000 
-368.000000 -363.700000 -359.400000 
-367.800000 -363.500000 -359.200000 
-367.600000 -363.300000 -359.000000 
-367.400000 -363.100000 -358.800000 
-367.200000 -362.900000 -358.600000 
-367.000000 -362.700000 -358.400000 
-366.800000 -362.500000 -358.200000 
-366.600000 -362.300000 -358.000000 
-366.400000 -362.100000 -357.800000 
-366.200000 -361.900000 -357.600000 
-366.000000 -361.700000 -357.400000 
-365.800000 -361.500000 -357.200000 
-365.600000 -361.300000 -357.000000 
-365.400000 -361.100000 -356.800000 
-365.200000 -360.900000 -356.600000 
-365.000000 -360.700000 -356.400000 
-364.800000 -360.500000 -356.200000 
-364.600000 -360.300000 -356.000000 
-364.400000 -360.100000 -355.800000 
-364.200000 -359.900000 -355.600000 
-364.000000 -359.700000 -355.400000 
-363.800000 -359.500000 -355.200000 
-363.600000 -359.300000 -355.000000 
-363.400000 -359.100000 -354.800000 
-363.200000 -358.900000 -354.600000 
-363.000000 -358.700000 -354.400000 
-362.800000 -358.500000 -354.200000 
-362.600000 -358.300000 -354.000000 
-362.400000 -358.100000 -353.800000 
-362.200000 -357.900000 -353.600000 
-362.000000 -357.700000 -353.400000 
-361.800000 -357.500000 -353.200000 
-361.600000 -357.300000 -353.000000 
-361.400000 -357.100000 -352.800000 
-361.200000 -356.900000 -352.600000 
-361.000000 -356.700000 -352.400000 
-360.800000 -356.500000 -352.200000 
-360.600000 -356.300000 -352.000000 
-360.400000 -356.100000 -351.800000 
-360.200000 -355.900000 -351.600000 
-360.000000 -355.700000 -351.400000 
-359.800000 -355.500000 -351.200000 
-359.600000 -355.300000 -351.000000 
-359.400000 -355.100000 -350.800000 
-359.200000 -354.900000 -350.600000 
-359.000000 -354.700000 -350.400000 
-358.800000 -354.500000 -350.200000 
-358.600000 -354.300000 -350.000000 
-358.400000 -354.100000 -349.800000 
-358.200000 -353.900000 -349.600000 
-358.000000 -353.700000 -349.400000 
-357.800000 -353.500000 -349.200000 
-357.600000 -353.300000 -349.000000 
-357.400000 -353.100000 -348.800000 
-357.200000 -352.900000 -348.600000 
-357.000000 -352.700000 -348.400000 
-356.800000 -352.500000 -348.200000 
-356.600000 -352.300000 -348.000000 
-356.400000 -352.100000 -347.800000 
-356.200000 -351.900000 -347.600000 
-356.000000 -351.700000 -347.400000 
-355.800000 -351.500000 -347.200000 
-355.600000 -351.300000 -347.000000 
-355.400000 -351.100000 -346.800000 
-355.200000 -350.900000 -346.600000 
-355.000000 -350.700000 -346.400000 
-354.800000 -350.500000 -346.200000 
-354.600000 -350.300000 -346.000000 
-354.400000 -350.100000 -345.800000 
-354.200000 -349.900000 -345.600000 
-354.000000 -349.700000 -345.400000 
-353.800000 -349.500000 -345.200000 
-353.600000 -349.300000 -345.000000 
-353.400000 -349.100000 -344.800000 
-353.200000 -348.900000 -344.600000 
-353.000000 -348.700000 -344.400000 
-352.800000 -348.500000 -344.200000 
-352.600000 -348.300000 -344.000000 
-352.400000 -348.100000 -343.800000 
-352.200000 -347.900000 -343.600000 
-352.000000 -347.700000 -343.400000 
-351.800000 -347.500000 -343.200000 
-351.600000 -347.300000 -343.000000 
-351.400000 -347.100000 -342.800000 
-351.200000 -346.900000 -342.600000 
-351.000000 -346.700000 -342.400000 
-350.800000 -346.500000 -342.200000 
-350.600000 -346.300000 -342.000000 
-350.400000 -346.100000 -341.800000 
-350.200000 -345.900000 -341.600000 
-350.000000 -345.700000 -341.400000 
-349.800000 -345.500000 -341.200000 
-349.600000 -345.300000 -341.000000 
-349.400000 -345.100000 -340.800000 
-349.200000 -344.900000 -340.600000 
-349.000000 -344.700000 -340.400000 
-348.800000 -344.500000 -340.200000 
-348.600000 -344.300000 -340.000000 
-348.400000 -344.100000 -339.800000 
-348.200000 -343.900000 -339.600000 
-348.000000 -343.700000 -339.400000 
-347.800000 -343.500000 -339.200000 
-347.600000 -343.300000 -339.000000 
-347.400000 -343.100000 -338.800000 
-347.200000 -342.900000 -338.600000 
-347.000000 -342.700000 -338.400000 
-346.800000 -342.500000 -338.200000 
-346.600000 -342.300000 -338.000000 
-346.400000 -342.100000 -337.800000 
-346.200000 -341.900000 -337.600000 
-346.000000 -341.700000 -337.400000 
-345.800000 -341.500000 -337.200000 
-345.600000 -341.300000 -337.000000 
-345.400000 -341.100000 -336.800000 
-345.200000 -340.900000 -336.600000 
-345.000000 -340.700000 -336.400000 
-344.800000 -340.500000 -336.200000 
-344.600000 -340.300000 -336.000000 
-344.400000 -340.100000 -335.800000 
-344.200000 -339.900000 -335.600000 
-344.000000 -339.700000 -335.400000 
-343.800000 -339.500000 -335.200000 
-343.600000 -339.300000 -335.000000 
-343.400000 -339.100000 -334.800000 
-343.200000 -338.900000 -334.600000 
-343.000000 -338.700000 -334.400000 
-342.800000 -338.500000 -334.200000 
-342.600000 -338.300000 -334.000000 
-342.400000 -338.100000 -333.800000 
-342.200000 -337.900000 -333.600000 
-342.000000 -337.700000 -333.400000 
-341.800000 -337.500000 -333.200000 
-341.600000 -337.300000 -333.000000 
-341.400000 -337.100000 -332.800000 
-341.200000 -336.900000 -332.600000 
-341.000000 -336.700000 -332.400000 
-340.800000 -336.500000 -332.200000 
-340.600000 -336.300000 -332.000000 
-340.400000 -336.100000 -331.800000 
-340.200000 -335.900000 -331.600000 
-340.000000 -335.700000 -331.400000 
-339.800000 -335.500000 -331.200000 
-339.600000 -335.300000 -331.000000 
-339.400000 -335.100000 -330.800000 
-339.200000 -334.900000 -330.600000 
-339.000000 -334.700000 -330.400000 
-338.800000 -334.500000 -330.200000 
-338.600000 -334.300000 -330.000000 
-338.400000 -334.100000 -329.800000 
-338.200000 -333.900000 -329.600000 
-338.000000 -333.700000 -329.400000 
-337.800000 -333.500000 -329.200000 
-337.600000 -333.300000 -329.000000 
-337.400000 -333.100000 -328.800000 
-337.200000 -332.900000 -328.600000 
-337.000000 -332.700000 -328.400000 
-336.800000 -332.500000 -328.200000 
-336.600000 -332.300000 -328.000000 
-336.400000 -332.100000 -327.800000 
-336.200000 -331.900000 -327.600000 
-336.000000 -331.700000 -327.400000 
-335.800000 -331.500000 -327.200000 
-335.600000 -331.300000 -327.000000 
-335.400000 -331.100000 -326.800000 
-335.200000 -330.900000 -326.600000 
-335.000000 -330.700000 -326.400000 
-334.800000 -330.500000 -326.200000 
-334.600000 -330.300000 -326.000000 
-334.400000 -330.100000 -325.800000 
-334.200000 -329.900000 -325.600000 
-334.000000 -329.700000 -325.400000 
-333.800000 -329.500000 -325.200000 
-333.600000 -329.300000 -325.000000 
-333.400000 -329.100000 -324.800000 
-333.200000 -328.900000 -324.600000 
-333.000000 -328.700000 -324.400000 
-332.800000 -328.500000 -324.200000 
-332.600000 -328.300000 -324.000000 
-332.400000 -328.100000 -323.800000 
-332.200000 -327.900000 -323.600000 
-332.000000 -327.700000 -323.400000 
-331.800000 -327.500000 -323.200000 
-331.600000 -327.300000 -323.000000 
-331.400000 -327.100000 -322.800000 
-331.200000 -326.900000 -322.600000 
-331.000000 -326.700000 -322.400000 
-330.800000 -326.500000 -322.200000 
-330.600000 -326.300000 -322.000000 
-330.400000 -326.100000 -321.800000 
-330.200000 -325.900000 -321.600000 
-330.000000 -325.700000 -321.400000 
-329.800000 -325.500000 -321.200000 
-329.600000 -325.300000 -321.000000 
-329.400000 -325.100000 -320.800000 
-329.200000 -324.900000 -320.600000 
-329.000000 -324.700000 -320.400000 
-328.800000 -324.500000 -320.200000 
-328.600000 -324.300000 -320.000000 
-328.400000 -324.100000 -319.800000 
-328.200000 -323.900000 -319.600000 
-328.000000 -323.700000 -319.400000 
-327.800000 -323.500000 -319.200000 
-327.600000 -323.300000 -319.000000 
-327.400000 -323.100000 -318.800000 
-327.200000 -322.900000 -318.600000 
-327.000000 -322.700000 -318.400000 
-326.800000 -322.500000 -318.200000 
-326.600000 -322.300000 -318.000000 
-326.400000 -322.100000 -317.800000 
-326.200000 -321.900000 -317.600000 
-326.000000 -321.700000 -317.400000 
-325.800000 -321.500000 -317.200000 
-325.600000 -321.300000 -317.000000 
-325.400000 -321.100000 -316.800000 
-325.200000 -320.900000 -316.600000 
-325.000000 -320.700000 -316.400000 
-324.800000 -320.500000 -316.200000 
-324.600000 -320.300000 -316.000000 
-324.400000 -320.100000 -315.800000 
-324.200000 -319.900000 -315.600000 
-324.000000 -319.700000 -315.400000 
-323.800000 -319.500000 -315.200000 
-323.600000 -319.300000 -315.000000 
-323.400000 -319.100000 -314.800000 
-323.200000 -318.900000 -314.600000 
-323.000000 -318.700000 -314.400000 
-322.800000 -318.500000 -314.200000 
-322.600000 -318.300000 -314.000000 
-322.400000 -318.100000 -313.800000 
-322.200000 -317.900000 -313.600000 
-322.000000 -317.700000 -313.400000 
-321.800000 -317.500000 -313.200000 
-321.600000 -317.300000 -313.000000 
-321.400000 -317.100000 -312.800000 
-321.200000 -316.900000 -312.600000 
-321.000000 -316.700000 -312.400000 
-320.800000 -316.500000 -312.200000 
-320.600000 -316.300000 -312.000000 
-320.400000 -316.100000 -311.800000 
-320.200000 -315.900000 -311.600000 
-320.000000 -315.700000 -311.400000 
-319.800000 -315.500000 -311.200000 
-319.600000 -315.300000 -311.000000 
-319.400000 -315.100000 -310.800000 
-319.200000 -314.900000 -310.600000 
-319.000000 -314.700000 -310.400000 
-318.800000 -314.500000 -310.200000 
-318.600000 -314.300000 -310.000000 
-318.400000 -314.100000 -309.800000 
-318.200000 -313.900000 -309.600000 
-318.000000 -313.700000 -309.400000 
-317.800000 -313.500000 -309.200000 
-317.600000 -313.300000 -309.000000 
-317.400000 -313.100000 -308.800000 
-317.200000 -312.900000 -308.600000 
-317.000000 -312.700000 -308.400000 
-316.800000 -312.500000 -308.200000 
-316.600000 -312.300000 -308.000000 
-316.400000 -312.100000 -307.800000 
-316.200000 -311.900000 -307.600000 
-316.000000 -311.700000 -307.400000 
-315.800000 -311.500000 -307.200000 
-315.600000 -311.300000 -307.000000 
-315.400000 -311.100000 -306.800000 
-315.200000 -310.900000 -306.600000 
-315.000000 -310.700000 -306.400000 
-314.800000 -310.500000 -306.200000 
-314.600000 -310.300000 -306.000000 
-314.400000 -310.100000 -305.800000 
-314.200000 -309.900000 -305.600000 
-314.000000 -309.700000 -305.400000 
-313.800000 -309.500000 -305.200000 
-313.600000 -309.300000 -305.000000 
-313.400000 -309.100000 -304.800000 
-313.200000 -308.900000 -304.600000 
-313.000000 -308.700000 -304.400000 
-312.800000 -308.500000 -304.200000 
-312.600000 -308.300000 -304.000000 
-312.400000 -308.100000 -303.800000 
-312.200000 -307.900000 -303.600000 
-312.000000 -307.700000 -303.400000 
-311.800000 -307.500000 -303.200000 
-311.600000 -307.300000 -303.000000 
-311.400000 -307.100000 -302.800000 
-311.200000 -306.900000 -302.600000 
-311.000000 -306.700000 -302.400000 
-310.800000 -306.500000 -302.200000 
-310.600000 -306.300000 -302.000000 
-310.400000 -306.100000 -301.800000 
-310.200000 -305.900000 -301.600000 
-310.000000 -305.700000 -301.400000 
-309.800000 -305.500000 -301.200000 
-309.600000 -305.300000 -301.000000 
-309.400000 -305.100000 -300.800000 
-309.200000 -304.900000 -300.600000 
-309.000000 -304.700000 -300.400000 
-308.800000 -304.500000 -300.200000 
-308.600000 -304.300000 -300.000000 
-308.400000 -304.100000 -299.800000 
-308.200000 -303.900000 -299.600000 
-308.000000 -303.700000 -299.400000 
-307.800000 -303.500000 -299.200000 
-307.600000 -303.300000 -299.000000 
-307.400000 -303.100000 -298.800000 
-307.200000 -302.900000 -298.600000 
-307.000000 -302.700000 -298.400000 
-306.800000 -302.500000 -298.200000 
-306.600000 -302.300000 -298.000000 
-306.400000 -302.100000 -297.800000 
-306.200000 -301.900000 -297.600000 
-306.000000 -301.700000 -297.400000 
-305.800000 -301.500000 -297.200000 
-305.600000 -301.300000 -297.000000 
-305.400000 -301.100000 -296.800000 
-305.200000 -300.900000 -296.600000 
-305.000000 -300.700000 -296.400000 
-304.800000 -300.500000 -296.200000 
-304.600000 -300.300000 -296.000000 
-304.400000 -300.100000 -295.800000 
-304.200000 -299.900000 -295.600000 
-304.000000 -299.700000 -295.400000 
-303.800000 -299.500000 -295.200000 
-303.600000 -299.300000 -295.000000 
-303.400000 -299.100000 -294.800000 
-303.200000 -298.900000 -294.600000 
-303.000000 -298.700000 -294.400000 
-302.800000 -298.500000 -294.200000 
-302.600000 -298.300000 -294.000000 
-302.400000 -298.100000 -293.800000 
-302.200000 -297.900000 -293.600000 
-302.000000 -297.700000 -293.400000 
-301.800000 -297.500000 -293.200000 
-301.600000 -297.300000 -293.000000 
-301.400000 -297.100000 -292.800000 
-301.200000 -296.900000 -292.600000 
-301.000000 -296.700000 -292.400000 
-300.800000 -296.500000 -292.200000 
-300.600000 -296.300000 -292.000000 
-300.400000 -296.100000 -291.800000 
-300.200000 -295.900000 -291.600000 
